2 e 5 8 9 4 7 6 3 0 1 t
5 2 8 e 0 7 t 9 6 3 4 1
e 8 2 5 6 1 4 3 0 9 t 7
8 5 e 2 3 t 1 0 9 6 7 4
7 4 t 1 2 9 0 e 8 5 6 3
0 9 3 6 7 2 5 4 1 t e 8
9 6 0 3 4 e 2 1 t 7 8 5
t 7 1 4 5 0 3 2 e 8 9 6
1 t 4 7 8 3 6 5 2 e 0 9
4 1 7 t e 6 9 8 5 2 3 0
3 0 6 9 t 5 8 7 4 1 2 e
6 3 9 0 1 8 e t 7 4 5 2



2 5 4 7 t e 8 1 0 9 3 6
e 2 1 4 7 8 5 t 9 6 0 3
0 3 2 5 8 9 6 e t 7 1 4
9 0 e 2 5 6 3 8 7 4 t 1
6 9 8 e 2 3 0 5 4 1 7 t
5 8 7 t 1 2 e 4 3 0 6 9
8 e t 1 4 5 2 7 6 3 9 0
3 6 5 8 e 0 9 2 1 t 4 7
4 7 6 9 0 1 t 3 2 e 5 8
7 t 9 0 3 4 1 6 5 2 8 e
1 4 3 6 9 t 7 0 e 8 2 5
t 1 0 3 6 7 4 9 8 5 e 2
